function h = HospitalRate
%age=[0-19 20-29 30-39 40-49 50-59 60-69 70-79 80-100];
% Hospitalization rate
h=[0.1 0.5 1.1 1.4 2.9 5.8 9.3 26.2]./100;

end

