function h = HospitalRate
%age=[0-19 20-29 30-39 40-49 50-59 60-69 70-79 80-100];
% Hospitalization rate

w60=0.121345549;
w70=0.078708003;
w80=0.052621047;
wT=w60+w70+w80;

w60=w60./wT;
w70=w70./wT;
w80=w80./wT;

h=[0.1 0.5 1.1 1.4 2.9 (w60.*5.8+w70.*9.3+w80.*26.2)]./100;

end

